100
955 412
941 951
974 644
368 266
285 94
435 183
878 637
754 29
480 722
511 936
983 171
981 661
911 694
929 446
603 847
399 465
423 13
489 563
411 508
152 928
852 208
250 352
85 470
827 206
120 751
194 496
526 638
579 867
564 733
916 535
82 914
431 612
176 370
55 703
485 456
467 354
948 173
411 891
719 337
472 477
220 127
790 102
31 726
708 237
743 670
74 356
637 979
680 748
103 57
676 517
555 156
288 116
541 970
464 292
697 446
862 106
781 593
159 437
375 934
853 778
249 130
840 408
161 946
179 194
533 852
101 544
622 852
594 997
392 56
850 311
576 370
367 675
384 53
623 196
526 596
316 324
191 938
343 996
961 720
778 611
129 970
249 976
771 77
387 411
965 698
499 527
946 452
441 769
581 895
310 11
353 275
796 857
858 212
511 348
79 501
414 114
268 682
332 871
247 511
748 731
