100
[93, 198, 114, 135, 18, 42, 110, 108, 93]
[16, 180, 156, 62, 83, 45, 171, 34, 51, 91, 52, 76, 170, 171, 68, 17, 62, 123, 138, 79, 98, 114, 198, 112, 42, 13, 52, 146, 97, 150, 147, 80, 19, 95, 85, 109, 144, 157, 160, 15, 194, 194, 57, 151, 16]
[45, 142, 189, 134, 96, 55, 126, 106, 50, 128, 192, 23, 117, 171, 152, 66, 105, 194, 12, 31, 158, 55, 3, 175, 49, 185, 14, 105, 41, 6, 192, 70, 17, 60, 157, 101, 128, 78, 35, 94, 54, 145, 168, 146, 55, 168, 63, 40, 103, 146, 110, 75, 14, 138, 130, 109, 34, 132, 157, 74, 8, 123, 27, 132, 85, 154, 76, 112, 16, 92, 95, 50, 200, 27, 149]
[79, 164, 80, 74, 129, 32, 181, 148, 60, 11, 116, 135, 73, 181, 116, 151, 119, 149, 125, 26, 50, 50, 116, 98, 113, 77, 165, 91, 143, 19, 113, 31, 175, 168, 87, 196, 173, 150, 116, 90, 142, 72, 116, 118, 191, 118, 114, 31, 60, 194, 6, 4, 22, 56, 43, 25, 164, 31, 66, 101, 76, 31, 66, 108, 126, 171, 17, 112, 105, 123, 107, 82, 80, 50, 188, 7, 19, 133, 1, 181, 148, 28, 173, 41, 41, 34, 118, 40, 19, 105, 118, 155, 148, 21, 105, 186, 87, 32, 173, 185]
[8, 69, 12, 46, 134, 171, 71, 121, 47, 123, 18, 180, 16, 70, 80, 84, 173, 103, 66, 151, 61, 78, 72, 81, 107, 30, 117, 38, 91, 43, 56, 114, 123, 120, 95, 152, 140, 184, 77, 19, 137, 190, 57, 183, 131, 128, 132, 102, 188, 71, 69, 7, 130, 78, 70, 12, 87, 131, 108, 70, 102, 181, 8]
[119, 61, 176, 188, 188, 175, 134, 132, 141, 200, 121, 191, 7, 27, 65, 177, 20, 38, 33, 88, 160, 164, 54, 11, 171, 167, 33, 138, 53, 188, 31, 132, 190, 28, 91, 193, 133, 90]
[189, 189]
[80, 90, 159, 13, 3, 108, 148, 135, 115, 98, 109, 76, 82, 158, 174, 177, 85, 124, 128, 36, 62, 59, 193, 6, 150, 95, 186, 128, 23, 159, 193, 105, 58, 120, 148, 88, 186, 169, 147, 92, 119, 172, 156, 190, 77, 19, 147, 81, 94, 139, 64, 174, 146, 4, 56, 22, 43, 163, 64, 16, 80]
[135, 137, 199, 48, 9, 200, 181, 71, 18, 148, 20, 151, 165, 129, 165, 101, 170, 160, 13, 109, 53, 55, 141, 168, 129, 40]
[134, 186, 30, 160, 34, 123, 159, 164, 199, 23, 198, 14, 53, 113, 165, 126, 186, 178, 5, 73, 58, 194, 188, 68, 165, 79, 110, 195, 119, 151, 134, 41, 147, 162, 149, 136, 170, 47, 134, 29, 34, 59, 91, 191, 81, 179, 116, 29, 177, 118, 105, 118, 66, 186, 135, 37, 101, 91, 183, 162, 14, 21, 158, 163, 139, 74, 87, 85, 182, 96, 120, 40, 10, 154, 149, 174, 55, 160, 67, 134]
[131, 172, 169, 127, 111, 3, 41, 111, 105, 135, 125, 137, 174, 96]
[152, 90, 58, 187, 19, 144, 39, 107, 112, 100, 103, 12, 190, 119, 28, 86, 95, 22, 144, 161, 58, 27, 113, 113, 4, 14, 131, 94, 35, 115, 96, 80, 180, 137, 66, 61, 191, 107, 191, 3, 5, 180, 41, 100, 161, 109, 75, 193, 70, 192, 129, 155, 152]
[157, 38, 126, 22, 48, 33, 72, 60, 184, 183, 2, 128, 164, 127, 114, 100, 89, 49, 173, 171, 33, 56, 21, 61, 93, 90, 132, 163, 18, 44, 12, 152, 115, 97, 63, 200, 63, 153, 12, 49, 38, 58, 36, 136, 84, 192, 31, 79, 60, 165, 50, 54, 30, 193, 77, 157]
[192, 79, 33, 84, 60, 11, 176, 199, 60, 66, 62, 54, 147, 58, 51, 157, 183, 52, 165, 197, 123, 90, 86, 115, 134, 166, 66, 192]
[165, 71, 68, 194, 143, 96, 77, 117, 31, 113, 52, 58, 73, 11, 13, 25, 84, 199, 147, 125, 35, 84, 87, 51, 46, 68, 4, 88, 54, 79, 160, 12, 140, 185, 137, 176, 145, 183, 32, 153, 153, 68, 185, 150, 38, 7, 14, 6, 133, 119, 195, 181, 190, 77, 62, 23, 22, 35, 173, 9, 134, 9, 80, 190, 188, 18, 173, 68, 89, 144, 113, 166, 119, 2, 196, 72, 178, 132, 70, 45, 182, 61, 19, 30, 112, 130, 100, 58, 68, 190, 180, 153, 172, 53, 173, 165]
[148]
[63, 117, 150, 196, 99, 90, 18, 173, 126, 143, 121, 124, 127, 127, 62, 63]
[136, 61, 110, 191, 38, 22, 148, 32, 47, 151, 190, 183, 102, 148, 82, 41, 129, 178, 160, 146, 188, 39, 40, 47, 200, 171, 16, 187, 67, 157, 143, 176, 194, 177, 4, 141, 108, 73, 118, 150, 194, 77, 196, 125, 44, 34, 81, 141, 179, 169, 117, 167, 161, 54, 125, 23, 149, 52, 39, 136]
[50, 77, 21, 11, 175, 110, 144, 88, 68, 153, 61, 37, 17, 30, 6, 182, 40, 97, 42, 10, 123, 189, 194, 55, 32, 185, 62, 127, 105, 155, 66, 50]
[150, 52, 71, 188, 70, 114, 151, 112, 147, 150]
[93, 15, 197, 78, 65]
[61, 129, 9, 14, 131, 51, 194, 66, 126, 8, 167, 134, 124, 17, 127, 99, 173, 72, 47, 127, 182, 40, 93, 30, 157, 119, 113, 3, 23, 57, 144, 135, 45, 150, 107, 109, 160, 163, 188, 11, 197, 59, 27, 28, 35, 61]
[93, 18, 125, 55, 109, 38, 156, 44, 166, 10, 184, 12, 159, 55, 149, 23, 23, 79, 190, 195, 83, 71, 188, 190, 120, 193, 79, 177, 187, 118, 182, 30, 117, 57, 92, 53, 35, 45, 197, 106]
[186, 148, 97, 73, 48, 148, 66, 200, 109, 126, 167, 28, 43, 195, 118, 89, 153, 128, 37, 16, 10, 106, 1, 60, 79, 135, 165, 17, 94, 155, 76, 136, 66, 7, 71, 136, 21, 110, 151, 128, 194, 97, 99, 179, 43, 126, 112, 189, 63, 51, 64, 200, 47, 75, 20, 20, 63, 162, 116, 35, 88, 2, 165, 161, 150, 80, 154, 120, 186]
[164, 14, 154, 81, 54, 150, 73, 95, 141, 81, 51, 12, 101, 126, 180, 121, 81, 56, 84, 173, 42, 151, 26, 1, 15, 184, 109, 49, 164, 95, 24, 16, 7, 26, 129, 39, 197, 35, 153, 193, 70, 130, 54, 78, 42, 158, 90, 166, 177, 118, 91, 158, 107, 65, 50, 108, 113, 3, 63, 33, 109]
[166, 110, 181, 24, 105, 117, 122, 117, 179, 158, 171, 18, 41, 28, 6, 164, 90, 153, 11, 156, 40, 183, 164, 146, 117, 145, 119, 94, 189, 168, 29, 129, 115, 186, 89, 150, 110, 195, 64, 196, 180, 57, 141, 192, 167, 17, 145, 74, 30, 41, 10, 33, 40, 179, 68, 113, 69, 141, 166]
[106, 63, 45, 45, 1, 21, 57, 136, 97, 129, 134, 60, 155, 183, 105, 17, 148, 84, 167, 118, 106, 198, 198, 182, 158, 96, 40, 106]
[21, 111, 163, 69, 149, 182, 163, 102, 167, 173, 120]
[109, 21, 177, 32, 62, 129, 14, 124, 102, 60, 121, 110, 67, 136, 49, 8, 26, 86, 42, 125]
[130, 64, 89, 31, 147, 101, 111, 122, 184, 143, 77, 7, 96, 168, 143, 40, 131, 139, 151, 131, 161, 129, 116, 34, 34, 32, 132, 31, 38, 166, 165, 113, 75, 195, 163, 50, 19, 87, 36, 92, 59, 160, 22, 15, 90, 37, 182, 154, 16, 71, 24, 170, 43, 71, 15, 63, 128, 58, 99, 28, 142, 143, 139, 109, 103, 61, 155, 28, 168, 199, 118, 128, 64, 173, 170, 199, 88, 1, 147, 105, 112, 95, 158, 36, 140, 84, 62, 49, 114, 73, 166, 81, 187, 6, 61, 186, 58]
[50, 23, 3, 35, 126, 60, 175, 187, 42, 198, 35, 3, 140, 114, 35, 115, 26, 65, 99, 120, 173, 84, 187, 15, 92, 59, 78, 167, 23, 138, 111, 47, 95, 30, 1, 73, 198, 192, 5, 148, 152, 172, 32, 110, 46, 155, 150, 55, 124, 103, 137, 104, 131, 101, 189, 181, 86, 101, 66, 123, 29, 135, 37, 185, 28, 49, 198, 127, 25, 47, 141, 134, 149, 23, 188, 151, 103, 17, 165, 114, 118, 117, 93, 50]
[127, 22, 12, 63, 197, 70, 47, 117, 2, 94, 155, 75, 38, 78, 90, 181, 74, 104, 9, 105, 77, 145, 112, 194, 180, 194, 154, 143, 10, 42, 105, 52, 59, 20, 155, 27, 46, 193, 79, 154, 125, 164, 199, 27, 14, 73, 124, 93, 13, 189, 132, 193]
[116, 102, 154, 28, 30, 160, 83, 148, 158, 86, 86, 103, 76, 173, 147, 194, 124, 20, 116]
[172, 139, 116, 142, 125, 38, 159, 160, 16, 86, 20, 32, 24, 100, 187, 162, 165, 73, 107, 193, 199, 1, 22, 173, 62, 56, 84, 149, 126, 51, 98, 5, 2, 195, 2, 169, 170, 128, 105, 19, 93, 197, 97, 72, 8, 31, 199, 27, 72, 1, 145, 82, 173, 26, 24, 169, 91, 94, 167, 179, 69, 6, 178, 63, 7, 67, 147, 172]
[87, 67, 84, 35, 163, 163, 106]
[66, 187, 118, 98, 155, 130, 172, 131, 136, 4, 12, 172, 83, 36, 90, 161, 127, 69, 52, 158, 57, 66]
[128, 102, 14, 1, 158, 54, 41, 194, 143, 46, 112, 175, 128]
[186, 64, 148, 41, 121, 133, 122, 50, 28, 14, 95, 177, 179, 144, 179, 189, 4, 187, 146, 195, 44, 3, 128, 101, 95, 194, 99, 22, 117, 7, 133, 20, 100, 57, 193, 65, 116, 191, 30, 8, 115, 60, 91, 80, 5, 44, 145, 2, 165, 10, 128, 16, 58, 37, 115, 109, 47, 149, 184, 95, 183, 110, 162, 13, 159, 104, 182, 83, 134, 173, 165, 34, 96, 115, 157, 150, 58, 147, 104, 199, 50, 72, 113, 59, 116, 131, 94, 89, 94, 116, 100, 117, 108, 115, 163, 107, 80, 186, 193, 188]
[200, 192, 26, 146, 78, 56, 1, 64, 141, 99, 20, 134, 6, 75, 160, 41, 50, 54, 2, 156, 34, 28, 52, 108, 101, 146, 40, 45, 184, 92, 69, 139, 178, 78, 99, 120, 41, 86, 82, 5, 38, 104, 116, 133, 31, 157, 135, 101, 83, 152, 16, 74, 151, 21, 189, 132, 159, 101, 139, 75, 91, 52, 20, 138, 180, 65, 93, 92, 89, 8, 99, 154, 10, 121, 200]
[52, 182, 113, 5, 29, 68, 174, 178, 55, 178, 193, 18, 152, 46, 105, 50, 57, 115, 192, 160, 189, 13, 42, 162, 122, 162, 152, 116, 136, 53, 11, 160, 8, 94, 22, 145, 186, 179, 147, 190, 30, 146, 83, 114, 30, 129, 98, 118, 179, 52]
[5, 139, 81, 171, 134, 63, 69, 7, 14, 12, 82, 143, 139, 108, 100, 126, 4, 38, 62, 151, 51, 9, 110, 155, 141, 112, 28, 20, 83, 135, 14, 112, 42, 11, 39, 155, 152, 86, 15, 188, 195, 154, 194, 162, 178, 191]
[85, 10, 192, 199, 196, 136, 17, 195, 158, 57, 107, 34, 70, 114, 170, 61, 95, 48, 142, 33, 21, 187, 143, 102, 157, 148, 162, 72, 136, 135, 121, 16, 95, 40, 52, 187, 46, 50, 159, 26, 81, 137, 197, 62, 81, 164, 27, 96, 5, 69, 89, 105, 37, 174, 75, 117, 147, 113, 122, 54, 43, 140, 164, 155, 81, 113, 91, 125, 99, 53, 50, 125]
[60, 65, 40, 90, 32, 83, 142, 181, 125, 34, 138, 116, 7, 116, 95, 173, 142, 177, 73, 171, 12, 105, 54, 39, 104, 121, 100, 192, 88, 178, 45, 199, 40, 170, 31, 137, 42, 121, 97, 139, 7, 9, 69, 16, 146, 37, 191, 60]
[170, 61, 16, 56, 99, 172, 73, 184, 200, 84, 24, 65, 47, 38, 112, 165, 179, 6, 59, 74, 102, 118, 4, 48, 39, 13, 132, 133, 15, 181, 188, 89, 97, 181, 187, 24, 174, 15, 78, 70, 170, 119, 121, 75, 164, 193, 158, 62]
[192, 16, 28, 143, 79, 122, 96, 193, 121, 16, 29, 37, 96]
[138, 142, 23, 57, 121, 21, 89, 33, 196, 117, 13, 49, 170, 145, 24, 188, 38, 113, 177, 103, 130, 169, 186, 107, 7, 120, 12, 180, 199, 75, 152, 150, 34, 78, 26, 55, 30, 78, 124, 37, 155, 97, 182, 165, 189, 140, 10, 173, 191, 79, 38, 13, 155, 33, 61, 102, 85, 200, 39, 78, 138]
[158, 194, 48, 192, 70, 48, 120, 22, 103, 110, 152, 103, 172, 59, 117, 110, 5, 57, 35, 134, 1, 134, 57, 85, 199, 14, 162, 40, 182, 39, 163, 138, 172, 139, 86, 101, 65, 151, 139, 27, 130, 61, 47, 105, 65, 23, 115, 191, 158, 190, 31, 103, 33, 77, 38, 180, 71, 133, 93, 146, 41, 195, 127, 101, 63, 143, 25, 31]
[148, 166, 43, 104, 195, 157, 100, 173, 110, 89, 88, 171, 190, 121, 177, 128, 65, 2, 68, 3, 103, 169, 186, 138, 44, 168, 126, 199, 90, 36, 18, 49, 114, 88, 195, 165, 27, 107, 70, 192, 135, 177, 121, 48, 162, 96, 116, 136, 102, 112, 161, 148]
[38, 15, 126, 28, 194, 155, 14]
[34, 136, 102, 88, 179, 165, 83, 48, 42, 149, 131, 127, 119, 59, 7, 15, 36, 46, 197, 6, 158, 198, 90, 25, 105]
[68, 28, 171, 17, 186, 157, 67, 50, 149, 112, 111, 102, 22, 26, 142, 5, 148, 73, 57, 144, 110, 43, 163, 98, 44, 135, 135, 139, 178, 166, 162, 111, 115, 33, 147, 92, 87, 87, 194, 107, 80, 64, 117, 198, 115, 123, 36, 30, 22, 22, 197, 69, 57, 187, 170, 33, 28, 57, 84, 15, 183, 103, 148, 13, 34, 42, 108, 22, 71, 39, 180, 161, 89, 73, 123, 93, 57, 103, 143, 18, 90, 1, 170, 36, 134, 21, 48, 104, 75, 163, 66, 7, 167, 18, 116, 23, 124, 27, 199, 200]
[42, 173, 81, 105, 180, 60, 143, 101, 163, 13, 157, 146, 112, 188, 170, 113, 10, 112, 167, 18, 138, 122, 170, 39, 4, 155, 106, 93, 178, 200, 74, 198, 15, 57, 88, 101, 145, 174, 57, 83, 95, 6, 140, 22, 12, 42]
[8, 175, 85, 39, 32, 191, 85, 95, 79, 196, 74, 172, 13, 37, 108, 3, 185, 60, 103, 150, 34, 104, 28, 83, 11, 159, 135, 94, 107, 194, 92, 49, 34, 128, 10, 123, 167, 176, 198, 124, 31, 179, 126, 136, 70, 146, 104, 183, 196, 130, 110, 80, 147, 67, 62, 94, 169, 8]
[48, 99, 98, 160, 51, 198, 119, 98, 12, 66, 162, 191, 171, 102, 26, 133, 142, 83, 181]
[50, 51, 92, 187, 60, 80, 112, 11, 103, 96, 10, 52, 141, 16, 162, 91, 168, 28, 175, 80, 184, 24, 126, 38, 42, 30, 88, 177, 178, 164, 125, 104, 71, 149, 58, 165, 148, 85, 113, 190, 137, 90, 103, 97, 138, 107, 196, 116, 190, 133, 88, 129, 145, 66, 30, 200, 103, 123, 169, 162, 70, 125, 197, 150, 175, 119, 15, 16, 119, 112, 31, 113, 26, 90, 96, 154, 172, 199, 50]
[135, 120, 58, 87, 63, 36, 195, 11, 117, 131, 172, 58, 162, 190, 91, 134, 138, 75, 127, 191, 60, 36, 189, 13, 196, 157, 191, 143, 165, 70, 65, 178, 105, 46, 199, 87, 98, 187, 123, 80, 145, 13, 33, 16, 44, 161, 73, 116, 155, 180, 193, 123, 116, 116, 127, 54, 65, 117, 23, 188, 109, 199, 11, 169, 121, 149, 111, 141, 95, 46, 29, 44, 67, 135]
[110, 133, 188, 49, 193, 92, 104, 51, 16, 118, 174, 195, 186, 105, 23, 64, 191, 190, 121, 49, 153, 53, 139, 57, 117, 163, 146, 193, 78, 114, 131, 79, 46, 140, 181, 97, 113, 71, 181, 139, 62, 21, 104, 69, 77, 194, 118, 91, 196, 121, 81, 152, 186, 16, 12, 129, 156, 188, 123, 193, 78, 95, 63, 140, 111, 39, 175, 20, 144, 150, 190, 122, 127, 171, 68, 84, 18, 112, 128, 14, 168, 41, 173, 5, 169, 56, 14, 169, 128, 66, 123, 119, 31, 116, 113, 24, 151]
[108, 128, 137, 42, 23, 160, 147, 129, 200, 176, 65, 163, 23, 131, 66, 186, 60, 138, 167, 111, 13, 12, 39, 118, 182, 85, 63, 158, 17, 125, 123, 168, 14, 180, 143, 76, 120, 170, 139, 57, 128, 28, 132, 76, 93, 125, 160, 190, 137, 29, 15, 93, 16, 81, 101, 120, 23, 47, 23, 76, 32, 37, 90, 102, 165, 143, 92, 163, 160, 80, 199, 163, 89, 156, 77, 146, 19, 105, 161, 53, 199, 76, 168, 137, 141, 179, 25, 156, 199]
[169, 99, 131, 107, 129, 50, 159, 165, 178, 41, 71, 142, 24, 108, 36, 153, 115, 121, 7, 135, 147, 106, 49, 137, 37, 110, 90, 77, 167, 50, 17, 144, 67, 147, 81, 20, 3, 60, 194, 4, 5, 50]
[184, 27, 96, 197, 151, 37, 95, 70, 67, 145, 146, 180, 162, 143, 32, 164, 182, 164, 52, 106, 104, 52, 182, 130, 194, 49, 75, 21, 77, 150, 106, 121, 139, 71, 37, 168, 59, 10, 179, 3, 89, 24, 127, 189, 107, 76, 175, 25, 159, 63, 179, 172, 16, 39, 105, 114, 105, 113, 69, 167, 168, 112, 4, 194, 74, 133, 72, 161, 199, 102, 147, 182, 85, 90, 134, 108, 178, 184]
[134, 163, 114, 62, 159, 22, 130, 101, 121, 61, 137, 129, 138, 112, 65, 22, 128, 66, 142, 31, 150, 133, 70, 17, 48, 98, 55, 146, 107, 152, 71, 178, 66, 102, 70, 87, 111, 25, 113, 127, 64, 121, 199, 190, 180, 151, 185, 123, 187, 179, 19, 41, 4, 87, 146, 195, 175, 134]
[179, 89, 18, 9, 2, 3, 94, 89, 20, 176, 74, 156, 144, 182, 133, 23, 105, 67, 145, 114, 126, 20, 34, 134, 178, 66, 53, 169, 161, 151, 140, 197, 167, 44, 168, 123, 125, 164, 200, 155, 63, 145, 88, 93, 199, 136, 92, 55, 167, 128, 71, 197, 167, 144, 148, 26, 29, 134, 196, 124, 150, 164, 71, 200, 97, 74, 29, 16, 179]
[190, 190]
[72, 115, 100, 154, 85, 171, 106, 46, 134, 100, 147, 176, 84, 109, 52, 182, 143, 86, 39, 27, 112, 154, 35, 36, 2, 28, 150, 191, 186, 12, 14, 123, 160, 84, 8, 5, 172, 21, 122, 75, 132, 104, 28, 194, 193, 15, 72]
[150, 30, 67, 72, 165, 86, 116, 56, 64, 80, 36, 174, 82, 168, 65, 179, 132, 64, 76, 151, 194, 75, 84, 152, 90, 69, 68, 58, 138, 114, 191, 33, 171, 161, 149, 5, 7, 40, 53, 120, 171, 28, 33, 150]
[126, 186, 42, 95, 164, 124, 1, 64, 55, 197, 67, 130, 10, 87, 75, 168, 55, 24, 24, 75, 65, 105, 69, 36, 105, 44, 122, 194, 45, 45, 135, 65, 126, 63, 176, 150, 94, 116, 23, 54, 63, 19, 112, 73, 133, 138, 39, 142, 133, 99, 140, 38, 175, 60, 143, 170, 174, 44, 98, 74, 81, 58, 110, 179, 88, 56, 185, 24, 181, 63, 192, 188, 183, 125, 93, 134, 74, 115, 155, 161, 139, 88, 193, 126]
[48, 7, 87, 123, 13, 99, 86, 137, 6, 117, 13, 156, 105, 178, 78, 127, 37, 21, 143, 70, 170, 60, 81, 38, 134, 183, 157, 125, 97, 184, 30, 27, 130, 151, 118, 129, 123, 177, 10, 18, 12, 117, 190, 166, 14, 169]
[6, 113, 179, 181, 119, 67, 117, 92, 89, 30, 129, 161, 102, 3, 193, 153, 132, 193, 48, 123, 104, 42, 26, 49, 115, 194, 175, 35, 119, 94, 140, 6, 125, 20, 60, 173, 106, 137, 32, 143]
[51, 188, 167, 198, 120, 154, 197, 200, 69, 67, 143, 142, 22, 189, 126, 24, 26, 161, 129, 182, 196, 176, 76, 133, 51]
[193, 131, 192, 43, 169, 187, 49, 39, 50, 129, 58, 187, 141, 172, 73, 151, 157, 85, 178, 192, 193, 24, 161, 98, 163, 128, 58, 151, 192, 52, 15, 168, 88, 37, 40, 179, 189, 104, 198, 101, 105, 119, 176, 181, 101, 2, 133, 89]
[105, 145, 23, 153, 153, 122, 144, 105]
[170, 158, 68, 68, 143, 167, 14, 159, 14, 121, 102, 102, 169, 155, 181, 144, 108, 88, 43, 50, 80, 199, 87, 83, 88, 107, 36, 14, 54, 43, 2, 146, 39, 146, 199, 195, 66, 6, 145, 105, 43, 169, 8, 40, 89, 123, 68, 29]
[137, 134, 154, 119, 89, 70, 169, 109, 79, 5, 17, 119, 91, 38, 154, 72, 180, 57, 117, 38, 179, 138, 156, 174, 151, 38, 73, 184, 82, 176, 120, 60, 182, 187, 158, 166, 81, 84, 182, 195, 69, 76, 28, 176, 8, 185, 186, 197, 175, 175, 26, 109, 122, 198, 14, 141, 118, 120, 38, 181, 107, 142, 67, 27, 137]
[179, 154, 131, 158, 1, 133, 135, 20, 67, 13, 95, 101, 40, 97, 178, 41, 136, 161, 185, 193, 179, 80, 151, 124, 32, 20, 142, 29, 57, 22, 106, 107, 100, 187, 8, 76, 44, 135, 173, 153, 119, 94, 192, 69, 193, 23, 177, 143, 161, 50, 103, 52, 37, 152, 95, 175, 104, 121, 3, 6, 145, 10, 125, 128, 22, 127, 20, 163, 54, 17, 79, 24, 164, 102]
[7, 156, 166, 92, 91, 62, 83, 64, 197, 44, 30, 190, 195, 116, 55, 86, 151, 85, 100, 110, 97, 29, 125, 15, 66, 68, 68, 70, 93, 81, 22, 108, 128, 69, 116, 162, 182, 102, 196, 150, 140, 157, 161, 71, 97, 107, 118, 82, 185, 165, 7]
[122, 125, 173, 153, 178, 1, 78, 136, 154, 173, 45, 97, 147, 97, 2, 138, 78, 109, 87, 5, 68, 173, 76, 28, 191, 113, 42, 171, 105, 93, 71, 179, 159, 20, 188, 14]
[170, 117, 133, 100, 57, 51, 73, 140, 155, 193, 27, 190, 57, 127, 15, 175, 184, 64, 173, 191, 88, 119, 29, 29, 67, 51, 145, 55, 157, 198, 200, 103, 160, 63, 126, 52, 40, 67, 17, 196, 5, 163, 53, 190, 64, 127, 20, 190, 20, 47, 95, 58, 9, 9, 31, 189, 44, 62, 170]
[89, 3, 169, 91, 122, 81, 137, 39, 119, 46, 68, 22, 49, 199, 138, 147, 71, 67, 19, 27, 67, 74, 24, 139, 164, 43, 62, 46, 190, 131, 71, 57, 149, 26, 85, 36, 111, 193, 91, 56, 87, 119, 181, 22, 93, 51, 85, 182, 82, 22, 74, 22, 118, 29, 135, 195, 166, 23, 98, 102, 136, 92, 110, 141, 155, 27, 120, 139, 29, 189, 30, 157, 89]
[48, 39, 128, 116, 140, 156, 43, 200, 192, 76, 189, 196, 109, 2, 180, 108, 161, 177, 153, 59, 172, 162, 77, 57, 148, 75, 200, 169, 25, 113, 50, 137, 108, 140, 126, 200, 91, 139, 97, 76, 80, 91, 121, 166, 99, 156, 58, 177, 63, 124, 4, 126, 168, 98, 143, 101, 191, 137, 152, 7, 175, 190, 160, 83, 128, 99, 170, 129, 2, 189, 124, 135, 97, 164, 145, 125, 111, 188, 81, 189, 48]
[77, 80, 18, 5, 127, 37, 112, 16, 46, 119, 50, 124, 38, 35, 107]
[154, 5, 126, 174, 2, 184, 113, 187, 59, 174, 11, 119, 99, 35, 130, 149, 61, 56, 68, 187, 107, 39, 17, 168, 95, 113, 5, 18, 197, 122, 195, 165, 137, 21, 118]
[107, 149, 119, 81, 68, 198, 3, 166, 63, 81, 166, 143, 183, 130, 10, 102, 133, 37, 168, 163, 108, 183, 199, 126, 142, 66, 129, 149, 178, 174, 183, 12, 93, 98, 61, 74, 24, 3, 81, 175, 43, 95, 16, 191, 29, 50, 33, 17, 50, 177, 137, 15, 87, 40, 55, 41, 110, 110, 43, 100, 174, 128, 22, 67, 194, 120, 55]
[128, 107, 151, 62, 141, 119, 82, 35, 143, 46, 64, 180, 155, 163, 105, 48, 49, 56, 107, 107, 166, 152, 30, 93, 22, 41, 190, 94, 99, 120, 55, 198, 153, 101, 38, 61, 44, 170, 174, 106, 141, 125, 4, 104, 88, 177, 133, 25, 10, 1, 84, 41, 5, 33, 194, 71, 92, 177, 48, 20, 32, 61, 174, 180, 98, 11, 154, 23, 90, 151, 32, 96, 69, 46, 116, 163, 197, 84, 127, 178, 117, 133, 60, 176, 99, 111, 168, 163, 73, 193, 150, 169, 163, 173, 60, 98, 39, 191]
[135, 99, 94, 80, 168, 94, 41, 181, 109, 98, 195, 114, 17, 41, 39, 52, 133, 175, 181, 45, 76, 131, 54, 135, 97, 137, 156, 32, 94, 25, 26, 71, 31, 169, 85, 7, 111, 132, 89, 36, 121, 2, 87, 68, 190, 185, 52, 158, 90, 150, 150, 158, 46, 137, 70, 116, 156, 187, 153, 184, 35, 71, 119, 199, 155, 111, 139, 184, 200, 77, 164, 149, 135]
[45, 160, 42, 39, 49, 126, 99, 101, 160, 3, 118, 87, 42, 182, 92, 15, 126, 26, 121, 55, 114, 100, 165, 82, 34, 45]
[81, 13, 21, 65, 173, 40, 197, 61, 53, 186, 25, 14, 144, 125, 77, 137, 167, 34, 147, 81]
[58, 96, 152, 182, 159, 75, 7, 34, 158, 117, 179, 104, 14, 76, 1, 147, 51, 54, 131, 185, 29, 181, 101, 170, 94, 154, 113, 132, 53, 20, 75, 144]
[126, 102, 59, 31, 115, 168, 77, 6, 122, 80, 4, 49, 152, 97, 19, 116, 75, 22, 113, 20, 67, 122, 194, 122, 4, 116, 163, 18, 85, 40, 137, 187, 85, 100, 190, 138, 59, 179, 107, 99, 58, 159, 160, 172, 1, 37, 25, 65, 173, 197, 169, 52, 10, 196, 196, 136, 118, 56, 47, 86, 69, 30, 146, 99, 115, 68, 162, 55, 183, 63, 115, 76, 8, 65, 158, 127, 170, 79, 36, 11, 160, 25, 197, 185, 126]
[196, 68, 125, 79, 114, 49, 94, 125, 25, 69, 177, 42, 136, 37, 76, 60, 193, 33, 89, 23, 119, 44, 151, 48, 37, 165, 52, 180, 181, 69, 121, 50, 38, 66, 155, 15, 101, 98, 102, 50, 34, 186, 35, 111, 54, 121, 11, 77, 54, 182, 63, 151, 2, 188, 65, 11, 177, 72, 26, 31, 125, 62, 195, 25, 162, 71]
[78, 54, 70, 4, 18, 77, 22, 57, 1, 91, 27, 158, 104, 75, 70, 115, 117, 168, 81, 40, 65, 91, 192, 60, 87, 20, 81, 192, 74, 195, 137, 133, 96, 186, 19, 179, 13, 14, 79, 92, 150, 93, 192, 35, 197, 19, 8, 188, 178, 30, 144, 45, 191, 98, 72, 165, 113, 140, 43, 33]
[64, 18, 199, 120, 165, 78, 95, 134, 58, 104, 84, 145, 77, 124, 93, 168, 68, 148, 143, 18, 70, 34, 106, 142, 90, 34, 40, 171, 125, 101, 63, 133, 75, 116, 77, 124, 182, 13, 52, 65, 12, 70, 119, 100, 183, 149, 109, 200, 97, 2, 129, 127, 35, 136, 9, 182, 38, 146, 78, 128, 81, 165, 200, 93, 59, 34, 139, 196, 29, 74, 139, 141, 139, 124, 41, 66, 142, 162, 188, 166, 97, 89, 62, 19, 88, 101, 27, 192]
[153, 101, 153, 192, 60, 200, 63, 52, 197, 94, 89, 43, 133, 167, 184, 139, 92, 139, 63, 15, 16, 162, 186, 26, 62, 26, 192, 9, 79, 171, 29, 176, 65, 145, 37, 25, 166, 199, 21, 189, 33, 155, 110, 44, 109, 71, 56, 86, 152]
[65, 192, 136, 159, 25, 119, 140, 120, 75, 44, 112, 119, 84, 84, 157, 63, 85, 62, 123, 17, 62, 95, 94, 158, 129, 60, 187, 177, 190, 177, 86, 11, 53, 82, 84, 134, 75, 59, 101, 40, 138, 188, 3, 47, 55, 151, 88, 51, 82, 195, 132, 129, 28, 11, 88, 169, 37, 107, 82, 97, 187, 18, 135, 189, 38, 15, 138, 199, 142, 145, 91, 53, 136, 28, 166, 27, 99, 126, 37, 174, 19]
[126, 129, 112, 120, 160, 148, 61, 71, 94, 62, 14, 69, 115, 75, 70, 196, 178, 180, 41, 90, 56, 10, 167, 123, 137, 154, 27, 80, 140, 1, 39, 151, 78, 111, 38, 59, 81, 33, 186, 91, 131, 19, 172, 200, 145, 103, 36, 144, 61, 159, 114, 94, 88, 80, 195, 108, 84, 105, 73, 18, 110, 7, 6, 69, 198, 74, 25, 57, 187, 90, 15, 112, 32, 45, 98, 11, 33, 24, 120, 2, 21, 158, 170, 46, 120, 51]
[52, 19, 91, 11, 128, 140, 91, 138, 190, 46, 131, 138, 71, 103, 146, 160, 88, 111, 147, 90, 48, 174, 9, 53, 112, 120, 75, 174, 177, 181, 188, 56, 140, 50, 58, 145, 3, 129, 174, 78, 170, 156, 146, 6, 154, 189, 175, 188, 32, 113, 185, 3, 138, 60, 138, 126, 148, 199, 195, 25, 160, 67, 94, 8, 48, 39, 168, 21, 196, 111, 1, 95, 76, 28, 26, 106, 180, 74, 75, 52]
[127, 66, 116, 158, 187, 71, 139, 106, 45, 198, 159, 67, 6, 106, 41, 196, 115, 148, 137, 198, 129, 100, 142, 60, 156, 20, 54, 2, 76, 84, 52, 57, 129, 32, 16, 97, 109, 145, 143, 79, 66, 2, 60, 9, 26, 52, 50, 161, 172, 22, 57, 127]
[37, 73, 104, 4, 156, 63, 2, 153, 71, 185, 11, 178, 200, 143, 58, 200, 172, 99, 119, 86, 65, 10, 136, 89, 98, 169, 77, 108, 15, 28, 142, 156, 13, 12, 3, 66, 195, 93, 80, 43, 63, 49, 120, 123, 162, 59, 195, 197, 141, 41, 169, 187, 78, 175, 169, 107, 140, 96, 87, 185, 183, 84, 69, 58, 108, 89, 48, 161, 32, 164, 74, 87, 37, 120]
[131, 102, 172, 173, 87, 9, 91, 133, 137, 44, 39, 16, 175, 96, 149, 49, 5, 177, 64, 109, 98, 92, 64, 15, 40, 31, 32, 121, 148, 64, 156, 28, 39, 82, 81, 82, 32, 126, 51, 120, 74, 130, 138, 48, 98, 25, 70, 30, 31, 113, 25, 87, 150, 19]
[191, 40, 95, 108, 128, 63, 148, 88, 148, 151, 153, 88, 97, 158, 74, 82, 164, 21, 199, 167, 145, 102, 41, 165, 5, 182, 131, 116, 190, 193, 180, 24, 177, 95, 13, 193, 189, 163, 196, 160, 197, 191]
[183, 33, 139, 87, 125, 105, 3, 175, 96, 193, 41, 96, 74, 49, 101, 2, 138, 4, 18, 32, 123, 35, 141, 104, 35, 194, 24, 145, 189, 156, 12, 141, 188, 6, 113, 162, 66, 144, 54, 61, 88, 124, 38, 112, 67, 119, 27, 69, 119, 53, 151, 9, 36, 158, 29]
