100
917 23
226 15
397 4
897 8
144 28
955 27
256 17
19 63
679 49
683 87
426 57
126 83
610 34
606 82
751 56
215 17
594 86
387 60
140 24
524 62
355 51
154 37
796 49
160 19
133 30
628 54
61 48
626 78
46 52
308 83
489 32
361 72
131 86
760 12
151 26
841 34
829 36
854 29
431 92
856 100
627 96
214 40
837 35
747 65
792 3
811 46
597 23
566 95
425 17
796 79
778 60
469 45
469 26
191 10
97 76
986 61
711 67
508 14
478 75
614 47
750 49
403 76
295 85
399 39
67 42
604 84
428 55
228 82
902 63
863 55
368 54
821 60
345 81
194 97
400 55
826 10
675 39
83 23
680 35
573 25
936 78
805 41
366 27
943 14
783 23
611 31
674 64
559 92
621 64
345 33
42 62
45 21
403 9
527 45
983 7
600 20
857 64
199 36
861 79
796 12
