100
117428 523624
904054 523326
418098 321443
581223 416446
612568 242316
540317 361262
275094 151612
323006 455223
43898 21242
145811 163463
525978 231235
599537 221564
322858 566154
269644 562411
738154 642512
337549 256136
645918 352651
736873 144225
124603 346326
507119 343212
351229 311514
968876 446615
829495 655253
864201 624643
387682 151351
44107 21121
445777 316662
410075 261341
82395 52224
60495 53552
964459 356313
794041 213364
130877 141123
424992 623456
412477 633351
964445 456256
516536 354511
580740 446623
743658 421423
503715 416515
379017 165542
333013 134453
297505 164115
259531 123162
72205 12531
361281 441224
799201 224424
132765 251125
366544 546234
451634 635266
347990 522354
663498 166265
365215 353321
390911 422116
285955 261443
376172 113615
550592 214144
783155 414525
557644 623361
583641 412415
826412 144234
714401 561621
17507 43512
73781 22315
481030 223134
192715 161246
439415 164415
396842 431366
137224 613236
613568 225445
464695 651526
216888 541132
49152 22523
429049 621625
189574 552646
249508 435315
117435 142432
560242 162612
233436 146322
248587 341626
10733 14445
712442 113245
193597 566411
686192 151243
822464 531434
110270 126151
501979 542421
201273 435443
41 12
681049 542342
789463 145462
897072 322342
700938 125215
80876 32424
615659 454214
737847 242144
638592 251554
579859 511255
707931 444534
662796 325426
