100
27.0 29.6
70.7 51.7
38.0 50.0
96.0 44.1
73.3 23.3
8.0 49.2
20.0 39.0
31.3 8.8
71.4 0.8
86.3 55.7
66.4 83.3
20.0 92.1
16.0 13.0
72.9 57.5
31.8 5.3
9.2 67.1
32.2 45.4
1.0 91.9
80.0 25.6
81.0 3.6
48.0 11.6
94.0 70.0
92.7 68.5
13.2 91.6
83.6 57.4
11.6 47.0
50.3 75.0
50.9 17.6
38.0 20.3
47.4 46.6
79.9 49.1
1.0 89.8
25.0 47.5
60.7 15.8
96.0 0.3
30.6 25.0
63.0 72.3
35.0 7.3
29.0 20.0
56.2 91.1
39.2 74.8
67.0 77.7
23.0 17.0
41.0 12.3
78.0 5.1
42.2 2.7
2.0 34.1
5.0 54.8
64.0 46.5
11.0 63.2
72.1 35.3
84.0 81.0
75.0 98.8
41.8 50.5
92.8 11.8
6.0 0.7
51.0 96.0
37.0 10.6
20.0 5.4
44.0 39.2
72.0 19.5
26.0 45.9
31.1 57.6
99.3 64.1
3.4 31.0
54.0 47.3
78.8 87.0
72.3 42.5
58.4 75.5
43.3 96.0
96.0 71.6
18.2 71.8
53.0 56.8
2.0 49.0
15.0 12.8
19.0 41.7
66.6 32.9
25.7 34.1
50.1 76.6
1.0 18.0
87.4 42.0
24.4 13.9
26.0 14.8
96.6 2.9
59.0 75.2
86.0 20.0
74.0 90.9
29.0 96.9
86.0 79.8
26.7 98.4
50.8 6.5
40.4 3.0
20.2 48.7
48.6 22.0
61.7 91.8
67.6 0.7
39.5 81.9
70.0 17.6
49.0 58.4
85.3 55.0
